#
# Oxidation state set
# Source: ICSD (2024, V2)
#
H -1 1 2 3
He
Li 1
Be 2
B -5 -3 -2 -1 1 2 3
C -4 -3 -2 -1 1 2 3 4
N -5 -4 -3 -2 -1 1 2 3 4 5
O -3 -2 -1 1 2
F -1 1 2
Ne
Na -1 1
Mg 2 3
Al -3 1 2 3
Si -4 -3 -2 -1 1 2 3 4
P -4 -3 -2 -1 1 2 3 4 5 6
S -3 -2 -1 1 2 3 4 5 6
Cl -4 -1 1 2 3 4 5 7
Ar
K 1
Ca -1 1 2
Sc 1 2 3 5 6
Ti 1 2 3 4 5 6
V 1 2 3 4 5 6
Cr 1 2 3 4 5 6
Mn -1 1 2 3 4 5 6 7
Fe -4 -2 -1 1 2 3 4 5 6
Co -1 1 2 3 4 5
Ni -2 1 2 3 4
Cu 1 2 3 4
Zn 1 2 3 4
Ga -4 -3 -2 -1 1 2 3 4
Ge -4 -3 -2 -1 1 2 3 4 5
As -5 -3 -2 -1 1 2 3 4 5
Se -2 -1 1 2 3 4 5 6 8
Br -1 1 3 4 5 7
Kr 2
Rb -1 1 2
Sr -2 2 4
Y 1 2 3 4
Zr 1 2 3 4 6
Nb 1 2 3 4 5 6
Mo -1 1 2 3 4 5 6 7
Tc 1 2 3 4 5 6 7
Ru -4 -3 -2 -1 1 2 3 4 5 6 7 8
Rh -1 1 2 3 4 5 6
Pd 1 2 3 4
Ag 1 2 3 4
Cd 1 2
In -3 -2 -1 1 2 3 4
Sn -4 -3 -2 -1 1 2 3 4
Sb -3 -2 -1 1 2 3 4 5 6
Te -3 -2 -1 1 2 3 4 5 6
I -2 -1 1 3 5 7
Xe 2 3 4 6 8
Cs 1
Ba 1 2
La 1 2 3 4
Ce -1 1 2 3 4
Pr 1 2 3 4
Nd 1 2 3 4 5
Pm 3
Sm 1 2 3 4
Eu 1 2 3 4 5 6
Gd 1 2 3 4
Tb 1 2 3 4 5
Dy 2 3 4 5 6
Ho 2 3 4 5 6
Er 2 3 4 5 6
Tm 2 3 4
Yb 2 3 4
Lu 2 3 4
Hf 1 2 3 4
Ta 1 2 3 4 5 6 7
W 1 2 3 4 5 6 7
Re -1 1 2 3 4 5 6 7
Os 1 2 3 4 5 6 7 8
Ir -1 1 2 3 4 5 6
Pt -2 1 2 3 4 5 6
Au -1 1 2 3 4 5
Hg 1 2 4
Tl -2 -1 1 2 3 5
Pb -4 -1 1 2 3 4
Bi -3 -2 -1 1 2 3 4 5
Po -2 2 4
At
Rn
Fr
Ra 2
Ac 3
Th 2 3 4 5 6
Pa 2 3 4 5
U -3 1 2 3 4 5 6
Np -1 2 3 4 5 6 7
Pu 2 3 4 5 6 7
Am 1 2 3 4 5 6
Cm 2 3 4
Bk 2 3 4
Cf 2 3 4 5 6
Es 3
Fm
Md
No
Lr
