H -1 +1
He
Li +1
Be +1 +2
B +1 +2 +3
C -4 -3 -2 -1 +1 +2 +3 +4
N -3 -2 -1 +1 +2 +3 +4 +5
O -2 -1 +1 +2
F -1
Ne
Na -1 +1
Mg +1 +2
Al +1 +2 +3
Si -4 -3 -2 -1 +1 +2 +3 +4
P -3 -2 -1 +1 +2 +3 +4 +5
S -2 -1	+1 +2 +3 +4 +5 +6
Cl -1 +1 +2 +3 +4 +5 +6 +7
Ar
K -1 +1
Ca +1 +2
Sc +1 +2 +3
Ti -1 +1 +2 +3 +4
V -1 +1 +2 +3 +4 +5
Cr -2 -1 +1 +2 +3 +4 +5 +6
Mn -3 -2 -1 +1 +2 +3 +4 +5 +6 +7
Fe -2 -1 +1 +2 +3 +4 +5 +6
Co -1 +1 +2 +3 +4 +5
Ni -1 +1 +2 +3 +4
Cu +1 +2 +3 +4
Zn +1 +2
Ga +1 +2 +3
Ge -4 -3 -2 -1 +1 +2 +3 +4
As -3 +1 +2 +3 +5
Se -2 +1 +2 +4 +6
Br -1 +1 +2 +3 +4 +5 +7
Kr +2
Rb -1 +1
Sr +1 +2
Y +1 +2 +3
Zr +1 +2 +3 +4
Nb -1 +1 +2 +3 +4 +5
Mo -2 -1 +1 +2 +3 +4 +5 +6
Tc -3 -1 +1 +2 +3 +4 +5 +6 +7
Ru -2 +1 +2 +3 +4 +5 +6 +7 +8
Rh -1 +1 +2 +3 +4 +5 +6
Pd +1 +2 +4 +6
Ag +1 +2 +3 +4
Cd +1 +2
In +1 +2 +3
Sn -4 +2 +4
Sb -3 +3 +5
Te -2 +2 +4 +5 +6
I -1 +1 +3 +4 +5 +7
Xe +1 +2 +4 +6 +8
Cs -1 +1
Ba +2
La +2 +3
Ce +2 +3 +4
Pr +2 +3 +4
Nd +2 +3 +4
Pm +2 +3
Sm +2 +3
Eu +2 +3
Gd +1 +2 +3
Tb +1 +2 +3 +4
Dy +2 +3 +4
Ho +2 +3
Er +2 +3
Tm +2 +3
Yb +2 +3
Lu +3
Hf +2 +3 +4
Ta -1 +2 +3 +4 +5
W -2 -1 +1 +2 +3 +4 +5 +6
Re -3 -1 +1 +2 +3 +4 +5 +6 +7
Os -2 -1 +1 +2 +3 +4 +5 +6 +7 +8
Ir -2 -1 +1 +2 +3 +4 +5 +6 +7 +8
Pt -2 -1 +1 +2 +3 +4 +5 +6
Au -1 +1 +2 +3 +5
Hg +1 +2 +4
Tl -1 +1 +3
Pb -4 +2 +4
Bi -3 +1 +3 +5 +7
Po -2 +2 +4 +5 +6
At -1 +1 +3 +5 +7
Rn +2 +6
Fr +1
Ra +2
Ac +2 +3
Th +2 +3 +4
Pa +2 +3 +4 +5
U +2 +3 +4 +5 +6
Np +3 +4 +5 +6 +7
Pu +3 +4 +5 +6 +7 +8
Am +2 +3 +4 +5 +6 +7
Cm +2 +3 +4 +6 +8
Bk +2 +3 +4
Cf +2 +3 +4
Es +2 +3 +4
Fm +2 +3
Md +2 +3
No +2 +3
Lr +3
Rf +4
Db +5
Sg +6
Bh +7
Hs +8
