H -1 1
He
Li 0 1
Be 0 1 2
B -5 -1 0 1 2 3
C -4 -3 -2 -1 0 1 2 3 4
N -3 -2 -1 0 1 2 3 4 5
O -2 -1 0 1 2
F -1 0
Ne
Na -1 0 1
Mg 0 1 2
Al -2 -1 0 1 2 3
Si -4 -3 -2 -1 0 1 2 3 4
P -3 -2 -1 0 1 2 3 4 5
S -2 -1 0 1 2 3 4 5 6
Cl -1 1 2 3 4 5 6 7
Ar 0
K -1 1
Ca 1 2
Sc 0 1 2 3
Ti -2 -1 0 1 2 3 4
V -3 -1 0 1 2 3 4 5
Cr -4 -2 -1 0 1 2 3 4 5 6
Mn -3 -2 -1 0 1 2 3 4 5 6 7
Fe -4 -2 -1 0 1 2 3 4 5 6 7
Co -3 -1 0 1 2 3 4 5
Ni -2 -1 0 1 2 3 4
Cu -2 0 1 2 3 4
Zn -2 0 1 2
Ga -5 -4 -3 -2 -1 0 1 2 3
Ge -4 -3 -2 -1 0 1 2 3 4
As -3 -2 -1 0 1 2 3 4 5
Se -2 -1 0 1 2 3 4 5 6
Br -1 1 2 3 4 5 7
Kr 0 1 2
Rb -1 1
Sr 1 2
Y 0 1 2 3
Zr -2 0 1 2 3 4
Nb -3 -1 0 1 2 3 4 5
Mo -4 -2 -1 0 1 2 3 4 5 6
Tc -3 -1 0 1 2 3 4 5 6 7
Ru -4 -2 0 1 2 3 4 5 6 7 8
Rh -3 -1 0 1 2 3 4 5 6 7
Pd 0 1 2 3 4 5
Ag -2 -1 0 1 2 3
Cd -2 1 2
In -5 -2 -1 0 1 2 3
Sn -4 -3 -2 -1 0 1 2 3 4
Sb -3 -2 -1 0 1 2 3 4 5
Te -2 -1 0 1 2 3 4 5 6
I -1 1 2 3 4 5 6 7
Xe 0 2 4 6 8
Cs -1 1
Ba 1 2
La 0 1 2 3
Ce 2 3 4
Pr 0 1 2 3 4 5
Nd 0 2 3 4
Pm 2 3
Sm 0 1 2 3
Eu 0 2 3
Gd 0 1 2 3
Tb 0 1 2 3 4
Dy 0 2 3 4
Ho 0 2 3
Er 0 2 3
Tm 0 1 2 3
Yb 0 1 2 3
Lu 0 2 3
Hf -2 0 1 2 3 4
Ta -3 -1 0 1 2 3 4 5
W -4 -2 -1 0 1 2 3 4 5 6
Re -3 -1 0 1 2 3 4 5 6 7
Os -4 -2 -1 0 1 2 3 4 5 6 7 8
Ir -3 -1 0 1 2 3 4 5 6 7 8 9
Pt -3 -2 -1 0 1 2 3 4 5 6
Au -3 -2 -1 0 1 2 3 5
Hg -2 1 2
Tl -5 -2 -1 1 2 3
Pb -4 -2 -1 0 1 2 3 4
Bi -3 -2 -1 0 1 2 3 4 5
Po -2 2 4 5 6
At -1 1 3 5 7
Rn 2 6
Fr 1
Ra 2
Ac 2 3
Th -1 1 2 3 4
Pa 2 3 4 5
U -1 1 2 3 4 5 6
Np 2 3 4 5 6 7
Pu 2 3 4 5 6 7 8
Am 2 3 4 5 6 7
Cm 3 4 5 6
Bk 2 3 4 5
Cf 2 3 4 5
Es 2 3 4
Fm 2 3
Md 2 3
No 2 3
Lr 3
