24 98 175
26 99 176
27 100 176
29 101 177
30 102 177
32 103 177
34 104 178
35 105 178
37 106 178
38 107 179
40 108 179
42 109 180
43 110 180
45 111 180
47 112 181
48 113 181
50 114 181
51 115 182
53 116 182
55 117 183
56 119 183
58 120 183
59 121 184
61 122 184
63 123 184
64 124 185
66 125 185
67 126 186
69 127 186
71 128 186
72 129 187
74 130 187
76 131 187
77 132 188
79 133 188
80 134 189
82 135 189
84 136 189
85 137 190
87 138 190
88 139 190
90 140 191
92 141 191
93 142 192
95 143 192
97 144 192
98 145 193
100 146 193
101 147 193
103 148 194
105 149 194
106 150 195
108 151 195
109 152 195
111 153 196
113 154 196
114 155 196
116 156 197
117 157 197
119 158 198
121 159 198
122 160 198
124 161 199
126 162 199
127 163 199
129 164 200
130 165 200
132 166 201
133 167 201
135 168 201
136 169 202
138 170 202
139 171 202
141 172 203
142 173 203
144 174 203
145 175 204
147 176 204
148 177 205
150 177 205
151 178 205
153 179 206
154 180 206
156 181 206
157 182 207
159 183 207
160 184 207
162 185 208
163 186 208
165 187 209
167 188 209
168 189 209
170 190 210
171 191 210
173 192 210
174 193 211
176 194 211
177 194 211
179 195 212
180 196 212
182 197 213
183 198 213
185 199 213
186 200 214
188 201 214
189 202 214
191 203 215
192 204 215
194 205 215
195 206 216
197 207 216
198 208 217
200 209 217
201 210 217
203 211 218
204 212 218
206 212 218
207 213 219
209 214 219
210 215 219
212 216 220
213 217 220
215 218 221
217 219 221
218 220 221
220 221 222
221 222 222
223 223 222
223 223 222
223 222 220
223 222 219
223 221 217
223 221 216
223 220 214
223 220 213
223 219 211
222 218 210
222 218 208
222 217 207
222 217 205
222 216 203
222 215 202
222 215 200
222 214 199
222 214 197
222 213 196
222 213 194
221 212 193
221 211 191
221 211 190
221 210 188
221 210 187
221 209 185
221 208 184
221 208 182
221 207 181
221 207 179
220 206 177
220 206 176
220 205 174
220 204 173
220 204 171
220 203 170
220 203 168
220 202 167
220 202 165
220 201 164
219 200 162
219 200 161
219 199 159
219 199 158
219 198 156
219 197 155
219 197 153
219 196 152
219 196 150
219 195 148
219 195 147
218 194 145
218 193 144
218 193 142
218 192 141
218 192 139
218 191 138
218 190 136
218 190 135
218 189 133
218 189 132
217 188 130
217 188 129
217 187 127
217 186 126
217 186 124
217 185 122
217 185 121
217 184 119
217 183 117
217 183 116
217 182 114
216 182 113
216 181 111
216 181 109
216 180 108
216 179 106
216 179 104
216 178 103
216 178 101
216 177 99
216 176 98
216 176 96
216 175 95
215 175 93
215 174 91
215 174 90
215 173 88
215 172 86
215 172 85
215 171 83
215 171 81
215 170 80
215 170 78
215 169 76
215 168 75
214 168 73
214 167 72
214 167 70
214 166 68
214 165 67
214 165 65
214 164 63
214 164 62
214 163 60
214 163 59
214 162 57
214 161 55
213 161 54
213 160 52
213 160 50
213 159 49
213 158 47
213 158 45
213 157 44
213 157 42
213 156 41
213 156 39
213 155 37
212 154 36
212 154 34
212 153 32
212 153 31
212 152 29
212 151 27
212 151 26
212 150 24
212 150 23
212 149 21
